0.5450633885947791
0.523139968801496
0.5583972127578408
0.6113538292544757
0.6141940562750222
0.602950669298785
0.6178314016000255
0.6370310832427117
0.625766827625154
0.6397408986745314
0.6531965097960132
0.6404882313594739
0.6353396388765112
0.6521027884288391
0.6343939678477206
0.6467092301363244
0.66988086088201
0.6707807783204118
0.6678205322884648
0.6558217182793769
0.6713903057726692
0.6802032319535377
0.6740785655856576
0.6597824937619875
0.6863140116255244
0.6709509635102685
0.6780510114487466
0.6777375386632144
0.6692531403715566
0.6760124975485067
0.6924205295327306
0.6855529140381478
0.6782811763275308
0.6847987447857884
0.6759244269764605
0.6962919558776225
0.6879014470667743
0.6715755969891956
0.6865106510337279
0.7029927327985435
0.690327586580922
0.671943461609967
0.6678461656850077
0.6881619344861651
0.6812613408477275
0.7040520043558832
0.6980861747540371
0.7017223680848779
0.7012483962097104
0.6842797437619889
0.6829617314982883
0.6972204193731212
0.7071524247441787
0.7109976449683505
0.6927822124815648
0.7038630436472461
0.7103459528679288
0.7065869100094081
0.7088272599837202
0.7001247041893954
0.6879457298257908
0.6936199925126093
0.7112619745407699
0.7083202134582349
0.6876618921945572
0.7032530738890492
0.6940323527102528
0.7006764864792937
0.7160164041739552
0.7060061580094934
0.6900192223774632
0.7001537039006002
0.7106047239527552
0.6998774162101457
0.689697782301728
0.7023308449332624
0.7177456563651511
0.6953051878833341
0.7071544769876843
0.6930249684703527
0.7010391425311768
0.7010391425311768
0.707411062460584
0.6930398517372695
0.6923929057506176
0.7135034855293674
0.6932696213251632
0.7147174500469737
0.700415682226226
0.6981628254566614
0.7093214737633378
0.7032470936114626
0.7119286112576855
0.7099224776590431
0.7094055664948911
0.7108664303468403
0.7091635975417817
0.7069786794880458
0.7243460350812861
0.7200489448812842